城市个数: 13
城市之间的距离矩阵如下所示:
      0.0000     150.0000     304.1381     403.1129     527.3756     626.9968    4450.0000    4452.5274    4750.2632    4850.2577    4975.2512    5075.2463    6204.0813
    150.0000       0.0000     360.5551     447.2136     561.8051     656.2202    4452.5274    4450.0000    4754.2087    4854.1220    4979.0185    5078.9394    6191.3750
    304.1381     360.5551       0.0000     100.0000     225.0000     325.0000    4150.3012    4154.8165    4450.0000    4550.0000    4675.0000    4775.0000    5910.8481
    403.1129     447.2136     100.0000       0.0000     125.0000     225.0000    4050.3086    4054.9353    4350.0000    4450.0000    4575.0000    4675.0000    5811.4650
    527.3756     561.8051     225.0000     125.0000       0.0000     100.0000    3925.3185    3930.0922    4225.0000    4325.0000    4450.0000    4550.0000    5687.2665
    626.9968     656.2202     325.0000     225.0000     100.0000       0.0000    3825.3268    3830.2252    4125.0000    4225.0000    4350.0000    4450.0000    5587.9334
   4450.0000    4452.5274    4150.3012    4050.3086    3925.3185    3825.3268       0.0000     150.0000     304.1381     403.1129     527.3756     626.9968    1826.3693
   4452.5274    4450.0000    4154.8165    4054.9353    3930.0922    3830.2252     150.0000       0.0000     360.5551     447.2136     561.8051     656.2202    1782.7296
   4750.2632    4754.2087    4450.0000    4350.0000    4225.0000    4125.0000     304.1381     360.5551       0.0000     100.0000     225.0000     325.0000    1566.2455
   4850.2577    4854.1220    4550.0000    4450.0000    4325.0000    4225.0000     403.1129     447.2136     100.0000       0.0000     125.0000     225.0000    1475.8472
   4975.2512    4979.0185    4675.0000    4575.0000    4450.0000    4350.0000     527.3756     561.8051     225.0000     125.0000       0.0000     100.0000    1364.7344
   5075.2463    5078.9394    4775.0000    4675.0000    4550.0000    4450.0000     626.9968     656.2202     325.0000     225.0000     100.0000       0.0000    1277.6932
   6204.0813    6191.3750    5910.8481    5811.4650    5687.2665    5587.9334    1826.3693    1782.7296    1566.2455    1475.8472    1364.7344    1277.6932       0.0000

贪心所求最优解为: 12978.2116
0 1 2 3 4 5 6 7 8 9 10 11 12
用时: 0.0000s.
Initial population:
  12    1    9    2    0   11    7    3    4    6    8    5   10 39880.2279
   4    6    5    3    2    0    9    8    7   11   10   12    1 22564.7310
   7   11    0    5    3    4    2    8    6    1   10    9   12 24502.7242
  10    0   12    1    2    4    3   11    5    9    7    6    8 32557.6145
  10    6    0    9    3   11    7    5    2    1    4    8   12 31842.4189
   5   10   12    0    1    2    7   11    6    9    4    3    8 31195.5173
   3   11    6   10   12    1    4    5    0    9    2    7    8 32939.9131
   5   12    4    0    2    7    9   11    6   10    8    1    3 23739.5383
   9    2   12    6   10    3    4   11    8    1    7    0    5 40898.3258
  10    6    5    2    4    9    8    1    7    0   11   12    3 39723.8429
   5    0   12   10    7    9    3   11    2    8    1    6    4 40786.8857
   1   12   10    9    5    0    2    8    7    4    3   11    6 31457.4159
   1    9   10    2   12    0    3    7    5    6    4    8   11 47436.9093
   7    1    2    3    4    9   10    8    6    5    0   11   12 22602.6860
  11    4   10    3    8   12    9    7    5    1    6    0    2 39882.4172
  12    9   11    4    7    6    3    1    2    8   10    5    0 31045.0949
   6    2    3    4   10    0   12    9    7    8   11    5    1 32171.9973
   9    5    3    4    8   11    2    1   10    0    6    7   12 32073.4017
   9   12    1    8    3    2    7    5    0   10    6    4   11 39686.4147
  12    5   10    1    0    6    3   11    9    8    4    2    7 38954.8067
   5    9    2    3    1    4    8   11    7   10    0    6   12 32491.5981
   6    0    7   11    4    5    3    2    9   10    1    8   12 32334.5896
  12    3    1    6    0    2    5    4    7   11   10    8    9 22377.5037
  10    4    5    9    0   11    7   12    1    2    8    3    6 41069.0683
  12    0   10    6    5    3    7    9    1    8    2    4   11 40370.2076
   6    4    9   11    0    3    7    1    2   12    5    8   10 39195.3251
   9   10    5    0   11    7    8    1    3   12    4    6    2 40519.7918
   1    2    7   10    0    4    6    9   11    8   12    5    3 23284.6274
   2   11    3    0    1    4   12    7    5    6   10    9    8 30892.8417
   4    9    2    8   10    3    6    0   11    1    5    7   12 48735.9358
  12    6    3    1    5    2    7    8   10    9    0   11    4 32333.2539
   8    7    1    5    2    0   11    4   12    3   10    6    9 32825.3797
   7    6    3    9    2    8    4   10   12    0    5   11    1 48500.0605
   4    8    0   10    1    3   11    6    9    2   12    7    5 41255.6591
  11    0   10    2    1    7    4    9   12    8    6    5    3 39862.7026
  10    2    6    7    9    1    0   12    5    3    8    4   11 39668.6515

遗传所求最优解为: 12744.0259
0 1 7 12 11 10 9 8 6 5 4 3 2
用时: 0.0220s.
回溯所求最优解为: 12744.0259
0 2 3 4 5 6 8 9 10 11 12 7 1
用时: 0.4280s.
动规所求最优解为: 12744.0259
0 2 3 4 5 6 8 9 10 11 12 7 1
用时: 0.0030s.
分支所求最优解为: 12744.0259
0 1 7 12 11 10 9 8 6 5 4 3 2
用时: 15.1540s.

